   -837.00    163.809     0
   -486.00    166.509     0
   -367.20    172.449     0
   -253.80    181.575     0
   -243.00    196.479     0
   -207.90    227.637     0
   -178.20    237.195     0
    -72.90    254.907     0
     18.90    262.548     0
     29.70    265.383     0
     35.10    270.405     0
     48.60    280.422     0
     54.00    287.010     0
     54.00    281.637     0
     67.50    291.168     0
     78.30    297.810     0
     89.10    298.512     0
    202.50    300.942     0
    267.30    302.751     0
    292.95    302.616     0
    309.15    300.321     1
    346.95    270.648     1
    406.35    228.096     1
    452.25    207.198     1
    544.05    203.418     1
    687.15    192.888     1
    724.95    188.028     1
    773.55    186.165     1
    832.95    194.319     1
    919.35    199.584     1
   1024.65    192.159     1
   1102.95    193.509     1
   1372.95    193.887     1
   1545.75    198.936     1
   1642.95    183.924     1
   1845.45    189.594     1
   1912.95    187.083     1
   2182.95    186.138     1
   2390.85    190.944     1
   2452.95    191.997     1
   2639.25    194.319     1
   2722.95    192.618     1
   2876.85    207.549     1
   2992.95    204.525     1
   3028.05    201.177     1
   3064.77    202.608     2
   3064.77    195.264     2
   3094.47    189.621     2
   3186.27    160.569     2
   3302.37    148.446     2
   3394.17    122.607     2
   3485.97    121.176     2
   3747.87    129.870     2
   3791.07    115.236     2
   3896.37    106.569     2
   3953.07     99.684     2
   4034.07     67.824     2
   4088.07     52.974     2
   4223.07     58.914     2
   4358.07     56.754     2
   4493.07     51.624     2
   4628.07     55.944     2
   4763.07     51.084     2
   4898.07     45.414     2
   5033.07     41.904     2
   5168.07     40.014     2
   5303.07     34.884     2
   5438.07     24.624     2
   5573.07     26.784     2
   5708.07     25.434     2
   5843.07     19.764     2
   5978.07     13.824     2
   6113.07      5.994     2
   6248.07    -13.446     2
   6383.07    -14.256     3
   6518.07     13.014     2
   6653.07     52.164     2
   6680.07     83.484     2
   6725.97     99.684     2
   6744.87    127.575     2
   6771.87    135.999     2
   6806.97    151.308     2
   6847.47    140.859     2
   6923.07    132.975     2
   7012.17    136.053     2
   7060.77    157.545     2
   7109.37    190.080     2
   7133.40    200.664     2
   7133.40    197.883     1
   7138.80    198.531     1
   7422.30    201.231     1
   7506.00    203.796     1
   7554.60    210.087     1
   7600.50    213.759     1
   7608.60    212.004     1
   7673.40    211.734     1
   7943.40    211.491     1
   8213.40    211.680     1
   8343.00    213.462     1
   8356.50    216.891     1
   8610.30    215.649     1
   8610.30    208.332     1
   8750.70    208.440     1
   8750.70    215.811     1
   8991.00    214.326     1
   9050.40    216.918     1
   9074.70    215.001     1
   9085.50    210.033     1
   9293.40    203.985     1
   9563.40    207.549     1
   9833.40    210.249     1
   9852.30    209.331     1
   9868.50    209.817     1
   9879.30    202.662     1
  10103.40    198.774     1
  10373.40    199.665     1
  10643.40    199.611     1
  10913.40    198.936     1
  10980.90    200.178     1
  11016.00    213.786     1
  11070.00    215.271     1
  11078.10    214.866     1
  11107.80    217.836     1
  11259.00    293.652     1
  11286.00    317.520     1
  11294.10    318.654     0
  11329.20    320.598     0
  11364.30    318.276     0
  11399.40    300.348     0
  11419.11    292.113     0
  11419.11    286.659     0
  11500.11    243.702     0
  11618.91    200.583     0
  11654.01    198.909     0
  11683.71    198.774     0
  11705.31    197.748     0
  11710.71    193.941     0
  11888.91    193.752     0
  12158.91    193.212     0
  12293.91    193.509     0
  12293.91    193.509     0
  12293.91    193.509     0
  12293.91    193.509     0
  12293.91    193.509     0
  12293.91    193.509     0
  12293.91    193.509     0
  12293.91    193.509     0
  12293.91    193.509     0
  12293.91    193.509     0
  12293.91    193.509     0
  12293.91    193.509     0
  12293.91    193.509     0
  12293.91    193.509     0
  12293.91    193.509     0
  12293.91    193.509     0
  12293.91    193.509     0
  12293.91    193.509     0
  12293.91    193.509     0
  12293.91    193.509     0
  12293.91    193.509     0
  12293.91    193.509     0
  12293.91    193.509     0
  12293.91    193.509     0
  12293.91    193.509     0
  12293.91    193.509     0
  12293.91    193.509     0
  12293.91    193.509     0
  12293.91    193.509     0
  12293.91    193.509     0
  12293.91    193.509     0
  12293.91    193.509     0
  12293.91    193.509     0
  12293.91    193.509     0
  12293.91    193.509     0
  12293.91    193.509     0
  12293.91    193.509     0
  12293.91    193.509     0
  12293.91    193.509     0
  12293.91    193.509     0
  12293.91    193.509     0
  12293.91    193.509     0
  12293.91    193.509     0
  12293.91    193.509     0
  12293.91    193.509     0
  12293.91    193.509     0
  12293.91    193.509     0
  12293.91    193.509     0
  12293.91    193.509     0
  12293.91    193.509     0
  12293.91    193.509     0
  12293.91    193.509     0
  12293.91    193.509     0
  12293.91    193.509     0
  12293.91    193.509     0
  12293.91    193.509     0
  12293.91    193.509     0
  12293.91    193.509     0
  12293.91    193.509     0
  12293.91    193.509     0
  12293.91    193.509     0
  12293.91    193.509     0
  12293.91    193.509     0
  12293.91    193.509     0
  12293.91    193.509     0
  12293.91    193.509     0
  12293.91    193.509     0
  12293.91    193.509     0
  12293.91    193.509     0
  12293.91    193.509     0
  12293.91    193.509     0
  12293.91    193.509     0
  12293.91    193.509     0
  12293.91    193.509     0
  12293.91    193.509     0
  12293.91    193.509     0
  12293.91    193.509     0
  12293.91    193.509     0
  12293.91    193.509     0
  12293.91    193.509     0
  12293.91    193.509     0
  12293.91    193.509     0
  12293.91    193.509     0
  12293.91    193.509     0
  12293.91    193.509     0
  12293.91    193.509     0
  12293.91    193.509     0
  12293.91    193.509     0
  12293.91    193.509     0
  12293.91    193.509     0
  12293.91    193.509     0
  12293.91    193.509     0
  12293.91    193.509     0
  12293.91    193.509     0
  12293.91    193.509     0
  12293.91    193.509     0
  12293.91    193.509     0
  12293.91    193.509     0
  12293.91    193.509     0
  12293.91    193.509     0
  12293.91    193.509     0
  12293.91    193.509     0
  12293.91    193.509     0
  12293.91    193.509     0
  12293.91    193.509     0
  12293.91    193.509     0
  12293.91    193.509     0
  12293.91    193.509     0
  12293.91    193.509     0
  12293.91    193.509     0
  12293.91    193.509     0
  12293.91    193.509     0
  12293.91    193.509     0
  12293.91    193.509     0
  12293.91    193.509     0
  12293.91    193.509     0
  12293.91    193.509     0
  12293.91    193.509     0
  12293.91    193.509     0
  12293.91    193.509     0
  12293.91    193.509     0
  12293.91    193.509     0
  12293.91    193.509     0
  12293.91    193.509     0
  12293.91    193.509     0
  12293.91    193.509     0
  12293.91    193.509     0
  12293.91    193.509     0
  12293.91    193.509     0
  12293.91    193.509     0
  12293.91    193.509     0
  12293.91    193.509     0
  12293.91    193.509     0
  12293.91    193.509     0
  12293.91    193.509     0
  12293.91    193.509     0
  12293.91    193.509     0
  12293.91    193.509     0
  12293.91    193.509     0
  12293.91    193.509     0
  12293.91    193.509     0
  12293.91    193.509     0
  12293.91    193.509     0
  12293.91    193.509     0
  12293.91    193.509     0
  12293.91    193.509     0
  12293.91    193.509     0
  12293.91    193.509     0
  12293.91    193.509     0
  12293.91    193.509     0
  12293.91    193.509     0
  12293.91    193.509     0
  12293.91    193.509     0
  12293.91    193.509     0
  12293.91    193.509     0
  12293.91    193.509     0
  12293.91    193.509     0
  12293.91    193.509     0
  12293.91    193.509     0
  12293.91    193.509     0
  12293.91    193.509     0
  12293.91    193.509     0
  12293.91    193.509     0
  12293.91    193.509     0
  12293.91    193.509     0
  12293.91    193.509     0
  12293.91    193.509     0
  12293.91    193.509     0
  12293.91    193.509     0
  12293.91    193.509     0
  12293.91    193.509     0
  12293.91    193.509     0
  12293.91    193.509     0
  12293.91    193.509     0
  12293.91    193.509     0
  12293.91    193.509     0
  12293.91    193.509     0
  12293.91    193.509     0
  12293.91    193.509     0
  12293.91    193.509     0
  12293.91    193.509     0
  12293.91    193.509     0
  12293.91    193.509     0
  12293.91    193.509     0
  12293.91    193.509     0
  12293.91    193.509     0
  12293.91    193.509     0
  12293.91    193.509     0
  12293.91    193.509     0
  12293.91    193.509     0
  12293.91    193.509     0
  12293.91    193.509     0
  12293.91    193.509     0
  12293.91    193.509     0
  12293.91    193.509     0
  12293.91    193.509     0
  12293.91    193.509     0
  12293.91    193.509     0
  12293.91    193.509     0
  12293.91    193.509     0
  12293.91    193.509     0
  12293.91    193.509     0
  12293.91    193.509     0
  12293.91    193.509     0
  12293.91    193.509     0
  12293.91    193.509     0
  12293.91    193.509     0
  12293.91    193.509     0
  12293.91    193.509     0
  12293.91    193.509     0
  12293.91    193.509     0
  12293.91    193.509     0
  12293.91    193.509     0
  12293.91    193.509     0
  12293.91    193.509     0
  12293.91    193.509     0
  12293.91    193.509     0
  12293.91    193.509     0
  12293.91    193.509     0
  12293.91    193.509     0
  12293.91    193.509     0
  12293.91    193.509     0
  12293.91    193.509     0
  12293.91    193.509     0
  12293.91    193.509     0
  12293.91    193.509     0
  12293.91    193.509     0
  12293.91    193.509     0
  12293.91    193.509     0
  12293.91    193.509     0
  12293.91    193.509     0
  12293.91    193.509     0
  12293.91    193.509     0
  12293.91    193.509     0
  12293.91    193.509     0
  12293.91    193.509     0
  12293.91    193.509     0
  12293.91    193.509     0
  12293.91    193.509     0
  12293.91    193.509     0
  12293.91    193.509     0
  12293.91    193.509     0
  12293.91    193.509     0
  12293.91    193.509     0
  12293.91    193.509     0
  12293.91    193.509     0
  12293.91    193.509     0
  12293.91    193.509     0
  12293.91    193.509     0
  12293.91    193.509     0
  12293.91    193.509     0
  12293.91    193.509     0
  12293.91    193.509     0
  12293.91    193.509     0
  12293.91    193.509     0
  12293.91    193.509     0
  12293.91    193.509     0
  12293.91    193.509     0
  12293.91    193.509     0
  12293.91    193.509     0
  12293.91    193.509     0
  12293.91    193.509     0
  12293.91    193.509     0
  12293.91    193.509     0
  12293.91    193.509     0
  12293.91    193.509     0
  12293.91    193.509     0
  12293.91    193.509     0
  12293.91    193.509     0
  12293.91    193.509     0
  12293.91    193.509     0
  12293.91    193.509     0
  12293.91    193.509     0
  12293.91    193.509     0
  12293.91    193.509     0
  12293.91    193.509     0
  12293.91    193.509     0
  12293.91    193.509     0
  12293.91    193.509     0
  12293.91    193.509     0
  12293.91    193.509     0
  12293.91    193.509     0
  12293.91    193.509     0
  12293.91    193.509     0
  12293.91    193.509     0
  12293.91    193.509     0
  12293.91    193.509     0
  12293.91    193.509     0
  12293.91    193.509     0
  12293.91    193.509     0
  12293.91    193.509     0
  12293.91    193.509     0
  12293.91    193.509     0
  12293.91    193.509     0
  12293.91    193.509     0
  12293.91    193.509     0
  12293.91    193.509     0
  12293.91    193.509     0
  12293.91    193.509     0
  12293.91    193.509     0
  12293.91    193.509     0
  12293.91    193.509     0
  12293.91    193.509     0
  12293.91    193.509     0
  12293.91    193.509     0
  12293.91    193.509     0
  12293.91    193.509     0
  12293.91    193.509     0
  12293.91    193.509     0
  12293.91    193.509     0
  12293.91    193.509     0
  12293.91    193.509     0
  12293.91    193.509     0
  12293.91    193.509     0
  12293.91    193.509     0
  12293.91    193.509     0
  12293.91    193.509     0
  12293.91    193.509     0
  12293.91    193.509     0
  12293.91    193.509     0
  12293.91    193.509     0
  12293.91    193.509     0
  12293.91    193.509     0
  12293.91    193.509     0
  12293.91    193.509     0
  12293.91    193.509     0
  12293.91    193.509     0
  12293.91    193.509     0
  12293.91    193.509     0
  12293.91    193.509     0
  12293.91    193.509     0
  12293.91    193.509     0
  12293.91    193.509     0
  12293.91    193.509     0
  12293.91    193.509     0
  12293.91    193.509     0
  12293.91    193.509     0
  12293.91    193.509     0
  12293.91    193.509     0
  12293.91    193.509     0
  12293.91    193.509     0
  12293.91    193.509     0
  12293.91    193.509     0
  12293.91    193.509     0
  12293.91    193.509     0
  12293.91    193.509     0
  12293.91    193.509     0
  12293.91    193.509     0
  12293.91    193.509     0
  12293.91    193.509     0
  12293.91    193.509     0
  12293.91    193.509     0
  12293.91    193.509     0
  12293.91    193.509     0
  12293.91    193.509     0
  12293.91    193.509     0
  12293.91    193.509     0
  12293.91    193.509     0
  12293.91    193.509     0
  12293.91    193.509     0
  12293.91    193.509     0
  12293.91    193.509     0
  12293.91    193.509     0
  12293.91    193.509     0
  12293.91    193.509     0
  12293.91    193.509     0
  12293.91    193.509     0
  12293.91    193.509     0
  12293.91    193.509     0
  12293.91    193.509     0
  12293.91    193.509     0
  12293.91    193.509     0
  12293.91    193.509     0
  12293.91    193.509     0
  12293.91    193.509     0
  12293.91    193.509     0
  12293.91    193.509     0
  12293.91    193.509     0
  12293.91    193.509     0
  12293.91    193.509     0
  12293.91    193.509     0
  12293.91    193.509     0
  12293.91    193.509     0
  12293.91    193.509     0
  12293.91    193.509     0
  12293.91    193.509     0
  12293.91    193.509     0
  12293.91    193.509     0
  12293.91    193.509     0
  12293.91    193.509     0
  12293.91    193.509     0
  12293.91    193.509     0
  12293.91    193.509     0
  12293.91    193.509     0
  12293.91    193.509     0
  12293.91    193.509     0
  12293.91    193.509     0
  12293.91    193.509     0
  12293.91    193.509     0
  12293.91    193.509     0
  12293.91    193.509     0
  12293.91    193.509     0
  12293.91    193.509     0
  12293.91    193.509     0
  12293.91    193.509     0
  12293.91    193.509     0
  12293.91    193.509     0
  12293.91    193.509     0
  12293.91    193.509     0
  12293.91    193.509     0
  12293.91    193.509     0
  12293.91    193.509     0
  12293.91    193.509     0
  12293.91    193.509     0
  12293.91    193.509     0
  12293.91    193.509     0
  12293.91    193.509     0
  12293.91    193.509     0
  12293.91    193.509     0
  12293.91    193.509     0
  12293.91    193.509     0
  12293.91    193.509     0
  12293.91    193.509     0
  12293.91    193.509     0
  12293.91    193.509     0
  12293.91    193.509     0
  12293.91    193.509     0
  12293.91    193.509     0
  12293.91    193.509     0
  12293.91    193.509     0
  12293.91    193.509     0
  12293.91    193.509     0
  12293.91    193.509     0
  12293.91    193.509     0
  12293.91    193.509     0
  12293.91    193.509     0
  12293.91    193.509     0
  12293.91    193.509     0
  12293.91    193.509     0
  12293.91    193.509     0
  12293.91    193.509     0
  12293.91    193.509     0
  12293.91    193.509     0
  12293.91    193.509     0
  12293.91    193.509     0
  12293.91    193.509     0
  12293.91    193.509     0
  12293.91    193.509     0
  12293.91    193.509     0
  12293.91    193.509     0
  12293.91    193.509     0
  12293.91    193.509     0
  12293.91    193.509     0
  12293.91    193.509     0
  12293.91    193.509     0
  12293.91    193.509     0
  12293.91    193.509     0
  12293.91    193.509     0
  12293.91    193.509     0
  12293.91    193.509     0
  12293.91    193.509     0
  12293.91    193.509     0
  12293.91    193.509     0
  12293.91    193.509     0
  12293.91    193.509     0
  12293.91    193.509     0
  12293.91    193.509     0
  12293.91    193.509     0
  12293.91    193.509     0
  12293.91    193.509     0
  12293.91    193.509     0
  12293.91    193.509     0
  12293.91    193.509     0
  12293.91    193.509     0
  12293.91    193.509     0
  12293.91    193.509     0
  12293.91    193.509     0
  12293.91    193.509     0
  12293.91    193.509     0
  12293.91    193.509     0
  12293.91    193.509     0
  12293.91    193.509     0
  12293.91    193.509     0
  12293.91    193.509     0
  12293.91    193.509     0
  12293.91    193.509     0
  12293.91    193.509     0
  12293.91    193.509     0
  12293.91    193.509     0
