   -756.00    178.767     0
   -283.50    178.767     0
   -283.50    178.767     0
   -248.40    180.306     0
   -191.70    187.272     0
   -151.20    207.522     0
   -129.60    220.779     0
   -116.10    225.666     0
    -40.50    222.885     0
    -27.00    225.072     0
    -10.80    251.451     0
     -2.70    258.066     0
     16.20    263.655     0
     48.60    280.017     0
     54.00    288.657     0
     54.00    281.556     0
     72.90    294.003     0
     97.20    306.936     0
    113.40    307.206     0
    202.50    304.722     0
    286.20    300.267     0
    299.70    298.647     1
    307.80    295.002     1
    322.65    278.397     1
    364.50    247.536     1
    440.10    214.245     1
    494.10    211.410     1
    615.60    205.497     1
    661.50    183.357     1
    704.70    182.250     1
    766.80    179.712     1
    804.60    195.156     1
    823.50    197.802     1
    834.30    195.885     1
    891.00    194.967     1
   1109.70    195.453     1
   1263.60    199.638     1
   1285.20    205.605     1
   1301.40    208.602     1
   1317.60    205.848     1
   1379.70    205.281     1
   1649.70    206.172     1
   1919.70    205.308     1
   2189.70    205.119     1
   2459.70    205.605     1
   2729.70    207.090     1
   2999.70    208.980     1
   3269.70    209.466     1
   3461.40    208.656     1
   3480.30    208.359     1
   3512.70    198.369     1
   3591.00    192.996     1
   3734.10    195.939     1
   3888.00    199.584     1
   4023.00    202.500     1
   4112.10    203.823     1
   4349.70    199.908     1
   4441.50    204.498     1
   4544.10    204.255     1
   4598.10    201.879     1
   4703.40    209.277     1
   4881.60    207.117     1
   4989.60    201.852     1
   5016.60    200.070     1
   5049.00    205.605     1
   5166.18    208.467     2
   5166.18    200.799     2
   5239.08    197.208     2
   5293.08    183.897     2
   5344.38    178.956     2
   5495.58    122.283     2
   5635.98    110.403     2
   5743.98    119.853     2
   5833.08    115.776     2
   5951.88    104.598     2
   5997.78     98.118     2
   6132.78     51.948     2
   6267.78     51.948     2
   6402.78     50.598     2
   6537.78     51.948     2
   6672.78     59.778     2
   6807.78     64.908     2
   6942.78     65.718     2
   7077.78     65.718     2
   7212.78     65.448     2
   7347.78     64.098     2
   7482.78     60.858     2
   7617.78     59.508     2
   7752.78     57.348     2
   7887.78     55.188     2
   8022.78     52.218     2
   8157.78     48.438     2
   8292.78     47.088     2
   8427.78     46.278     2
   8562.78     44.388     2
   8697.78     47.088     2
   8832.78     47.898     2
   8967.78     43.578     2
   9102.78     40.878     2
   9237.78     33.048     3
   9372.78     44.118     2
   9483.48     98.118     2
   9548.28    127.818     2
   9604.98    205.794     2
   9619.56    212.382     2
   9619.56    206.334     1
   9889.56    204.903     1
  10159.56    203.121     1
  10232.46    202.419     1
  10254.06    193.347     1
  10429.56    192.294     1
  10699.56    192.726     1
  10888.56    192.834     1
  10907.46    204.120     1
  10920.96    201.744     1
  10929.06    194.778     1
  10937.16    195.102     1
  10947.96    202.959     1
  10958.76    204.120     1
  10961.46    196.641     1
  11239.56    195.210     1
  11509.56    195.939     1
  11779.56    195.696     1
  12049.56    195.264     1
  12319.56    195.804     1
  12589.56    194.940     1
  12859.56    194.481     1
  13129.56    194.157     1
  13399.56    194.103     1
  13523.76    193.806     1
  13529.16    198.801     1
  13539.96    198.423     1
  13548.06    195.669     1
  13583.16    197.721     1
  13602.06    202.338     1
  13699.26    203.337     1
  13714.11    204.741     1
  13743.81    205.551     1
  13764.06    210.654     1
  13889.61    275.724     1
  13911.21    288.684     1
  13947.66    313.740     1
  13990.86    314.469     0
  14023.26    312.768     0
  14061.06    295.299     0
  14097.51    280.773     0
  14097.51    274.347     0
  14202.81    219.915     0
  14308.11    182.277     0
  14327.01    177.066     0
  14364.81    174.204     0
  14402.61    174.906     0
  14551.11    176.364     0
  14848.11    179.307     0
  14983.11    181.791     0
  14983.11    181.791     0
  14983.11    181.791     0
  14983.11    181.791     0
  14983.11    181.791     0
  14983.11    181.791     0
  14983.11    181.791     0
  14983.11    181.791     0
  14983.11    181.791     0
  14983.11    181.791     0
  14983.11    181.791     0
  14983.11    181.791     0
  14983.11    181.791     0
  14983.11    181.791     0
  14983.11    181.791     0
  14983.11    181.791     0
  14983.11    181.791     0
  14983.11    181.791     0
  14983.11    181.791     0
  14983.11    181.791     0
  14983.11    181.791     0
  14983.11    181.791     0
  14983.11    181.791     0
  14983.11    181.791     0
  14983.11    181.791     0
  14983.11    181.791     0
  14983.11    181.791     0
  14983.11    181.791     0
  14983.11    181.791     0
  14983.11    181.791     0
  14983.11    181.791     0
  14983.11    181.791     0
  14983.11    181.791     0
  14983.11    181.791     0
  14983.11    181.791     0
  14983.11    181.791     0
  14983.11    181.791     0
  14983.11    181.791     0
  14983.11    181.791     0
  14983.11    181.791     0
  14983.11    181.791     0
  14983.11    181.791     0
  14983.11    181.791     0
  14983.11    181.791     0
  14983.11    181.791     0
  14983.11    181.791     0
  14983.11    181.791     0
  14983.11    181.791     0
  14983.11    181.791     0
  14983.11    181.791     0
  14983.11    181.791     0
  14983.11    181.791     0
  14983.11    181.791     0
  14983.11    181.791     0
  14983.11    181.791     0
  14983.11    181.791     0
  14983.11    181.791     0
  14983.11    181.791     0
  14983.11    181.791     0
  14983.11    181.791     0
  14983.11    181.791     0
  14983.11    181.791     0
  14983.11    181.791     0
  14983.11    181.791     0
  14983.11    181.791     0
  14983.11    181.791     0
  14983.11    181.791     0
  14983.11    181.791     0
  14983.11    181.791     0
  14983.11    181.791     0
  14983.11    181.791     0
  14983.11    181.791     0
  14983.11    181.791     0
  14983.11    181.791     0
  14983.11    181.791     0
  14983.11    181.791     0
  14983.11    181.791     0
  14983.11    181.791     0
  14983.11    181.791     0
  14983.11    181.791     0
  14983.11    181.791     0
  14983.11    181.791     0
  14983.11    181.791     0
  14983.11    181.791     0
  14983.11    181.791     0
  14983.11    181.791     0
  14983.11    181.791     0
  14983.11    181.791     0
  14983.11    181.791     0
  14983.11    181.791     0
  14983.11    181.791     0
  14983.11    181.791     0
  14983.11    181.791     0
  14983.11    181.791     0
  14983.11    181.791     0
  14983.11    181.791     0
  14983.11    181.791     0
  14983.11    181.791     0
  14983.11    181.791     0
  14983.11    181.791     0
  14983.11    181.791     0
  14983.11    181.791     0
  14983.11    181.791     0
  14983.11    181.791     0
  14983.11    181.791     0
  14983.11    181.791     0
  14983.11    181.791     0
  14983.11    181.791     0
  14983.11    181.791     0
  14983.11    181.791     0
  14983.11    181.791     0
  14983.11    181.791     0
  14983.11    181.791     0
  14983.11    181.791     0
  14983.11    181.791     0
  14983.11    181.791     0
  14983.11    181.791     0
  14983.11    181.791     0
  14983.11    181.791     0
  14983.11    181.791     0
  14983.11    181.791     0
  14983.11    181.791     0
  14983.11    181.791     0
  14983.11    181.791     0
  14983.11    181.791     0
  14983.11    181.791     0
  14983.11    181.791     0
  14983.11    181.791     0
  14983.11    181.791     0
  14983.11    181.791     0
  14983.11    181.791     0
  14983.11    181.791     0
  14983.11    181.791     0
  14983.11    181.791     0
  14983.11    181.791     0
  14983.11    181.791     0
  14983.11    181.791     0
  14983.11    181.791     0
  14983.11    181.791     0
  14983.11    181.791     0
  14983.11    181.791     0
  14983.11    181.791     0
  14983.11    181.791     0
  14983.11    181.791     0
  14983.11    181.791     0
  14983.11    181.791     0
  14983.11    181.791     0
  14983.11    181.791     0
  14983.11    181.791     0
  14983.11    181.791     0
  14983.11    181.791     0
  14983.11    181.791     0
  14983.11    181.791     0
  14983.11    181.791     0
  14983.11    181.791     0
  14983.11    181.791     0
  14983.11    181.791     0
  14983.11    181.791     0
  14983.11    181.791     0
  14983.11    181.791     0
  14983.11    181.791     0
  14983.11    181.791     0
  14983.11    181.791     0
  14983.11    181.791     0
  14983.11    181.791     0
  14983.11    181.791     0
  14983.11    181.791     0
  14983.11    181.791     0
  14983.11    181.791     0
  14983.11    181.791     0
  14983.11    181.791     0
  14983.11    181.791     0
  14983.11    181.791     0
  14983.11    181.791     0
  14983.11    181.791     0
  14983.11    181.791     0
  14983.11    181.791     0
  14983.11    181.791     0
  14983.11    181.791     0
  14983.11    181.791     0
  14983.11    181.791     0
  14983.11    181.791     0
  14983.11    181.791     0
  14983.11    181.791     0
  14983.11    181.791     0
  14983.11    181.791     0
  14983.11    181.791     0
  14983.11    181.791     0
  14983.11    181.791     0
  14983.11    181.791     0
  14983.11    181.791     0
  14983.11    181.791     0
  14983.11    181.791     0
  14983.11    181.791     0
  14983.11    181.791     0
  14983.11    181.791     0
  14983.11    181.791     0
  14983.11    181.791     0
  14983.11    181.791     0
  14983.11    181.791     0
  14983.11    181.791     0
  14983.11    181.791     0
  14983.11    181.791     0
  14983.11    181.791     0
  14983.11    181.791     0
  14983.11    181.791     0
  14983.11    181.791     0
  14983.11    181.791     0
  14983.11    181.791     0
  14983.11    181.791     0
  14983.11    181.791     0
  14983.11    181.791     0
  14983.11    181.791     0
  14983.11    181.791     0
  14983.11    181.791     0
  14983.11    181.791     0
  14983.11    181.791     0
  14983.11    181.791     0
  14983.11    181.791     0
  14983.11    181.791     0
  14983.11    181.791     0
  14983.11    181.791     0
  14983.11    181.791     0
  14983.11    181.791     0
  14983.11    181.791     0
  14983.11    181.791     0
  14983.11    181.791     0
  14983.11    181.791     0
  14983.11    181.791     0
  14983.11    181.791     0
  14983.11    181.791     0
  14983.11    181.791     0
  14983.11    181.791     0
  14983.11    181.791     0
  14983.11    181.791     0
  14983.11    181.791     0
  14983.11    181.791     0
  14983.11    181.791     0
  14983.11    181.791     0
  14983.11    181.791     0
  14983.11    181.791     0
  14983.11    181.791     0
  14983.11    181.791     0
  14983.11    181.791     0
  14983.11    181.791     0
  14983.11    181.791     0
  14983.11    181.791     0
  14983.11    181.791     0
  14983.11    181.791     0
  14983.11    181.791     0
  14983.11    181.791     0
  14983.11    181.791     0
  14983.11    181.791     0
  14983.11    181.791     0
  14983.11    181.791     0
  14983.11    181.791     0
  14983.11    181.791     0
  14983.11    181.791     0
  14983.11    181.791     0
  14983.11    181.791     0
  14983.11    181.791     0
  14983.11    181.791     0
  14983.11    181.791     0
  14983.11    181.791     0
  14983.11    181.791     0
  14983.11    181.791     0
  14983.11    181.791     0
  14983.11    181.791     0
  14983.11    181.791     0
  14983.11    181.791     0
  14983.11    181.791     0
  14983.11    181.791     0
  14983.11    181.791     0
  14983.11    181.791     0
  14983.11    181.791     0
  14983.11    181.791     0
  14983.11    181.791     0
  14983.11    181.791     0
  14983.11    181.791     0
  14983.11    181.791     0
  14983.11    181.791     0
  14983.11    181.791     0
  14983.11    181.791     0
  14983.11    181.791     0
  14983.11    181.791     0
  14983.11    181.791     0
  14983.11    181.791     0
  14983.11    181.791     0
  14983.11    181.791     0
  14983.11    181.791     0
  14983.11    181.791     0
  14983.11    181.791     0
  14983.11    181.791     0
  14983.11    181.791     0
  14983.11    181.791     0
  14983.11    181.791     0
  14983.11    181.791     0
  14983.11    181.791     0
  14983.11    181.791     0
  14983.11    181.791     0
  14983.11    181.791     0
  14983.11    181.791     0
  14983.11    181.791     0
  14983.11    181.791     0
  14983.11    181.791     0
  14983.11    181.791     0
  14983.11    181.791     0
  14983.11    181.791     0
  14983.11    181.791     0
  14983.11    181.791     0
  14983.11    181.791     0
  14983.11    181.791     0
  14983.11    181.791     0
  14983.11    181.791     0
  14983.11    181.791     0
  14983.11    181.791     0
  14983.11    181.791     0
  14983.11    181.791     0
  14983.11    181.791     0
  14983.11    181.791     0
  14983.11    181.791     0
  14983.11    181.791     0
  14983.11    181.791     0
  14983.11    181.791     0
  14983.11    181.791     0
  14983.11    181.791     0
  14983.11    181.791     0
  14983.11    181.791     0
  14983.11    181.791     0
  14983.11    181.791     0
  14983.11    181.791     0
  14983.11    181.791     0
  14983.11    181.791     0
  14983.11    181.791     0
  14983.11    181.791     0
  14983.11    181.791     0
  14983.11    181.791     0
  14983.11    181.791     0
  14983.11    181.791     0
  14983.11    181.791     0
  14983.11    181.791     0
  14983.11    181.791     0
  14983.11    181.791     0
  14983.11    181.791     0
  14983.11    181.791     0
  14983.11    181.791     0
  14983.11    181.791     0
  14983.11    181.791     0
  14983.11    181.791     0
  14983.11    181.791     0
  14983.11    181.791     0
  14983.11    181.791     0
  14983.11    181.791     0
  14983.11    181.791     0
  14983.11    181.791     0
  14983.11    181.791     0
  14983.11    181.791     0
  14983.11    181.791     0
  14983.11    181.791     0
  14983.11    181.791     0
  14983.11    181.791     0
  14983.11    181.791     0
  14983.11    181.791     0
  14983.11    181.791     0
  14983.11    181.791     0
  14983.11    181.791     0
  14983.11    181.791     0
  14983.11    181.791     0
  14983.11    181.791     0
  14983.11    181.791     0
  14983.11    181.791     0
  14983.11    181.791     0
  14983.11    181.791     0
  14983.11    181.791     0
  14983.11    181.791     0
  14983.11    181.791     0
  14983.11    181.791     0
  14983.11    181.791     0
  14983.11    181.791     0
  14983.11    181.791     0
  14983.11    181.791     0
  14983.11    181.791     0
  14983.11    181.791     0
  14983.11    181.791     0
  14983.11    181.791     0
  14983.11    181.791     0
  14983.11    181.791     0
  14983.11    181.791     0
  14983.11    181.791     0
  14983.11    181.791     0
  14983.11    181.791     0
  14983.11    181.791     0
  14983.11    181.791     0
  14983.11    181.791     0
  14983.11    181.791     0
  14983.11    181.791     0
  14983.11    181.791     0
  14983.11    181.791     0
  14983.11    181.791     0
  14983.11    181.791     0
  14983.11    181.791     0
  14983.11    181.791     0
  14983.11    181.791     0
  14983.11    181.791     0
  14983.11    181.791     0
  14983.11    181.791     0
  14983.11    181.791     0
  14983.11    181.791     0
  14983.11    181.791     0
  14983.11    181.791     0
  14983.11    181.791     0
  14983.11    181.791     0
  14983.11    181.791     0
  14983.11    181.791     0
  14983.11    181.791     0
  14983.11    181.791     0
  14983.11    181.791     0
  14983.11    181.791     0
  14983.11    181.791     0
  14983.11    181.791     0
  14983.11    181.791     0
  14983.11    181.791     0
  14983.11    181.791     0
  14983.11    181.791     0
  14983.11    181.791     0
  14983.11    181.791     0
  14983.11    181.791     0
  14983.11    181.791     0
  14983.11    181.791     0
  14983.11    181.791     0
  14983.11    181.791     0
  14983.11    181.791     0
  14983.11    181.791     0
  14983.11    181.791     0
  14983.11    181.791     0
  14983.11    181.791     0
  14983.11    181.791     0
  14983.11    181.791     0
  14983.11    181.791     0
  14983.11    181.791     0
  14983.11    181.791     0
  14983.11    181.791     0
  14983.11    181.791     0
  14983.11    181.791     0
  14983.11    181.791     0
  14983.11    181.791     0
  14983.11    181.791     0
  14983.11    181.791     0
  14983.11    181.791     0
  14983.11    181.791     0
  14983.11    181.791     0
  14983.11    181.791     0
  14983.11    181.791     0
  14983.11    181.791     0
  14983.11    181.791     0
  14983.11    181.791     0
  14983.11    181.791     0
  14983.11    181.791     0
  14983.11    181.791     0
  14983.11    181.791     0
  14983.11    181.791     0
  14983.11    181.791     0
  14983.11    181.791     0
  14983.11    181.791     0
  14983.11    181.791     0
  14983.11    181.791     0
  14983.11    181.791     0
  14983.11    181.791     0
  14983.11    181.791     0
  14983.11    181.791     0
  14983.11    181.791     0
  14983.11    181.791     0
  14983.11    181.791     0
  14983.11    181.791     0
