 -891.00   158.922   0
 -756.00   158.787   0
 -526.50   153.441   0
 -481.68   146.880   0
 -479.79   146.880   0
 -479.79   125.280   0
 -458.19   125.280   0
 -458.19   146.880   0
 -456.30   146.880   0
 -421.20   150.849   0
 -364.50   162.270   0
 -310.50   164.943   0
 -248.40   168.129   0
 -216.00   179.361   0
 -189.00   195.156   0
 -156.60   209.088   0
 -124.20   225.261   0
 -105.30   237.249   0
 -67.50   249.075   0
 -24.30   255.069   0
 5.40   263.007   0
 54.00   289.494   0
 54.00   284.391   0
 78.30   300.105   0
 94.50   301.806   0
 167.40   302.562   0
 251.10   300.942   0
 261.90   300.429   0
 270.00   299.403   1
 318.60   259.659   1
 369.90   227.583   1
 429.30   205.308   1
 531.90   197.586   1
 583.20   198.882   1
 591.30   194.319   1
 801.90   193.887   1
 1071.90   195.561   1
 1341.90   194.967   1
 1449.90   194.265   1
 1466.10   202.473   1
 1482.30   204.876   1
 1493.10   198.558   1
 1611.90   199.152   1
 1881.90   200.286   1
 2151.90   200.232   1
 2316.60   199.557   1
 2332.80   209.709   1
 2354.40   212.841   1
 2362.50   206.361   1
 2421.90   208.008   1
 2691.90   208.089   1
 2961.90   207.603   1
 2991.60   208.008   1
 3002.40   213.435   1
 3029.40   214.569   1
 3055.32   209.844   2
 3055.32   204.876   2
 3076.92   196.803   2
 3136.32   158.112   2
 3187.62   150.093   2
 3322.62   146.610   2
 3544.02   153.225   2
 3765.42   140.805   2
 3819.42   113.400   2
 3876.12   103.356   2
 3889.62   97.281   2
 3997.62   69.741   2
 4024.62   59.211   2
 4159.62   43.551   2
 4294.62   40.851   3
 4429.62   43.011   2
 4564.62   46.791   2
 4699.62   50.841   2
 4834.62   49.761   2
 4969.62   52.731   2
 5104.62   51.111   2
 5239.62   53.001   2
 5374.62   51.111   2
 5509.62   50.841   2
 5644.62   52.191   2
 5779.62   53.541   2
 5914.62   48.951   2
 6049.62   54.351   2
 6184.62   55.701   2
 6319.62   56.241   2
 6454.62   57.861   2
 6589.62   59.211   2
 6724.62   64.071   2
 6859.62   60.561   2
 6994.62   64.071   2
 7129.62   65.961   2
 7264.62   69.741   2
 7399.62   72.171   2
 7534.62   74.061   2
 7669.62   78.381   2
 7804.62   79.191   2
 7939.62   87.021   2
 8012.52   97.281   2
 8082.72   123.552   2
 8117.82   159.111   2
 8163.72   168.210   2
 8244.18   194.319   2
 8244.18   188.811   1
 8473.68   187.704   1
 8630.28   187.002   1
 8838.18   175.878   1
 8959.68   187.596   1
 9051.48   192.834   1
 9091.98   188.919   1
 9156.78   186.354   1
 9170.28   188.514   1
 9221.58   185.733   1
 9302.58   175.203   1
 9491.58   179.874   1
 9564.48   183.627   1
 9607.68   196.128   1
 9642.78   205.443   1
 9672.48   201.204   1
 9685.98   188.217   1
 9707.58   187.785   1
 9721.08   195.966   1
 10063.98   194.292   1
 10109.88   190.377   1
 10404.18   187.839   1
 10674.18   188.379   1
 10944.18   189.189   1
 11214.18   187.758   1
 11484.18   188.190   1
 11754.18   187.650   1
 12024.18   187.488   1
 12294.18   187.542   1
 12564.18   187.056   1
 12610.08   187.488   1
 12620.88   193.158   1
 12634.38   191.430   1
 12647.88   180.306   1
 12661.38   180.441   1
 12672.18   187.974   1
 12747.78   195.237   1
 12801.78   197.613   1
 12801.78   197.613   1
 12963.78   275.886   1
 12982.68   289.926   1
 13012.38   310.176   1
 13015.08   310.797   0
 13052.88   312.066   0
 13085.28   310.608   0
 13136.58   284.256   0
 13171.41   268.893   0
 13171.41   261.792   0
 13284.81   201.663   0
 13317.21   200.718   0
 13403.61   195.345   0
 13471.11   195.102   0
 13795.11   204.120   0
 13824.81   204.120   0
 13824.81   198.963   0
 13827.10   198.963   0
 13827.10   189.243   0
 13834.93   189.243   0
 13834.93   198.963   0
 13837.23   198.963   0
 13843.71   199.935   0
 13932.81   198.558   0
 13932.81   198.558   0
 13932.81   198.558   0
 13932.81   198.558   0
 13932.81   198.558   0
 13932.81   198.558   0
 13932.81   198.558   0
 13932.81   198.558   0
 13932.81   198.558   0
 13932.81   198.558   0
 13932.81   198.558   0
 13932.81   198.558   0
 13932.81   198.558   0
 13932.81   198.558   0
 13932.81   198.558   0
 13932.81   198.558   0
 13932.81   198.558   0
 13932.81   198.558   0
 13932.81   198.558   0
 13932.81   198.558   0
 13932.81   198.558   0
 13932.81   198.558   0
 13932.81   198.558   0
 13932.81   198.558   0
 13932.81   198.558   0
 13932.81   198.558   0
 13932.81   198.558   0
 13932.81   198.558   0
 13932.81   198.558   0
 13932.81   198.558   0
 13932.81   198.558   0
 13932.81   198.558   0
 13932.81   198.558   0
 13932.81   198.558   0
 13932.81   198.558   0
 13932.81   198.558   0
 13932.81   198.558   0
 13932.81   198.558   0
 13932.81   198.558   0
 13932.81   198.558   0
 13932.81   198.558   0
 13932.81   198.558   0
 13932.81   198.558   0
 13932.81   198.558   0
 13932.81   198.558   0
 13932.81   198.558   0
 13932.81   198.558   0
 13932.81   198.558   0
 13932.81   198.558   0
 13932.81   198.558   0
 13932.81   198.558   0
 13932.81   198.558   0
 13932.81   198.558   0
 13932.81   198.558   0
 13932.81   198.558   0
 13932.81   198.558   0
 13932.81   198.558   0
 13932.81   198.558   0
 13932.81   198.558   0
 13932.81   198.558   0
 13932.81   198.558   0
 13932.81   198.558   0
 13932.81   198.558   0
 13932.81   198.558   0
 13932.81   198.558   0
 13932.81   198.558   0
 13932.81   198.558   0
 13932.81   198.558   0
 13932.81   198.558   0
 13932.81   198.558   0
 13932.81   198.558   0
 13932.81   198.558   0
 13932.81   198.558   0
 13932.81   198.558   0
 13932.81   198.558   0
 13932.81   198.558   0
 13932.81   198.558   0
 13932.81   198.558   0
 13932.81   198.558   0
 13932.81   198.558   0
 13932.81   198.558   0
 13932.81   198.558   0
 13932.81   198.558   0
 13932.81   198.558   0
 13932.81   198.558   0
 13932.81   198.558   0
 13932.81   198.558   0
 13932.81   198.558   0
 13932.81   198.558   0
 13932.81   198.558   0
 13932.81   198.558   0
 13932.81   198.558   0
 13932.81   198.558   0
 13932.81   198.558   0
 13932.81   198.558   0
 13932.81   198.558   0
 13932.81   198.558   0
 13932.81   198.558   0
 13932.81   198.558   0
 13932.81   198.558   0
 13932.81   198.558   0
 13932.81   198.558   0
 13932.81   198.558   0
 13932.81   198.558   0
 13932.81   198.558   0
 13932.81   198.558   0
 13932.81   198.558   0
 13932.81   198.558   0
 13932.81   198.558   0
 13932.81   198.558   0
 13932.81   198.558   0
 13932.81   198.558   0
 13932.81   198.558   0
 13932.81   198.558   0
 13932.81   198.558   0
 13932.81   198.558   0
 13932.81   198.558   0
 13932.81   198.558   0
 13932.81   198.558   0
 13932.81   198.558   0
 13932.81   198.558   0
 13932.81   198.558   0
 13932.81   198.558   0
 13932.81   198.558   0
 13932.81   198.558   0
 13932.81   198.558   0
 13932.81   198.558   0
 13932.81   198.558   0
 13932.81   198.558   0
 13932.81   198.558   0
 13932.81   198.558   0
 13932.81   198.558   0
 13932.81   198.558   0
 13932.81   198.558   0
 13932.81   198.558   0
 13932.81   198.558   0
 13932.81   198.558   0
 13932.81   198.558   0
 13932.81   198.558   0
 13932.81   198.558   0
 13932.81   198.558   0
 13932.81   198.558   0
 13932.81   198.558   0
 13932.81   198.558   0
 13932.81   198.558   0
 13932.81   198.558   0
 13932.81   198.558   0
 13932.81   198.558   0
 13932.81   198.558   0
 13932.81   198.558   0
 13932.81   198.558   0
 13932.81   198.558   0
 13932.81   198.558   0
 13932.81   198.558   0
 13932.81   198.558   0
 13932.81   198.558   0
 13932.81   198.558   0
 13932.81   198.558   0
 13932.81   198.558   0
 13932.81   198.558   0
 13932.81   198.558   0
 13932.81   198.558   0
 13932.81   198.558   0
 13932.81   198.558   0
 13932.81   198.558   0
 13932.81   198.558   0
 13932.81   198.558   0
 13932.81   198.558   0
 13932.81   198.558   0
 13932.81   198.558   0
 13932.81   198.558   0
 13932.81   198.558   0
 13932.81   198.558   0
 13932.81   198.558   0
 13932.81   198.558   0
 13932.81   198.558   0
 13932.81   198.558   0
 13932.81   198.558   0
 13932.81   198.558   0
 13932.81   198.558   0
 13932.81   198.558   0
 13932.81   198.558   0
 13932.81   198.558   0
 13932.81   198.558   0
 13932.81   198.558   0
 13932.81   198.558   0
 13932.81   198.558   0
 13932.81   198.558   0
 13932.81   198.558   0
 13932.81   198.558   0
 13932.81   198.558   0
 13932.81   198.558   0
 13932.81   198.558   0
 13932.81   198.558   0
 13932.81   198.558   0
 13932.81   198.558   0
 13932.81   198.558   0
 13932.81   198.558   0
 13932.81   198.558   0
 13932.81   198.558   0
 13932.81   198.558   0
 13932.81   198.558   0
 13932.81   198.558   0
 13932.81   198.558   0
 13932.81   198.558   0
 13932.81   198.558   0
 13932.81   198.558   0
 13932.81   198.558   0
 13932.81   198.558   0
 13932.81   198.558   0
 13932.81   198.558   0
 13932.81   198.558   0
 13932.81   198.558   0
 13932.81   198.558   0
 13932.81   198.558   0
 13932.81   198.558   0
 13932.81   198.558   0
 13932.81   198.558   0
 13932.81   198.558   0
 13932.81   198.558   0
 13932.81   198.558   0
 13932.81   198.558   0
 13932.81   198.558   0
 13932.81   198.558   0
 13932.81   198.558   0
 13932.81   198.558   0
 13932.81   198.558   0
 13932.81   198.558   0
 13932.81   198.558   0
 13932.81   198.558   0
 13932.81   198.558   0
 13932.81   198.558   0
 13932.81   198.558   0
 13932.81   198.558   0
 13932.81   198.558   0
 13932.81   198.558   0
 13932.81   198.558   0
 13932.81   198.558   0
 13932.81   198.558   0
 13932.81   198.558   0
 13932.81   198.558   0
 13932.81   198.558   0
 13932.81   198.558   0
 13932.81   198.558   0
 13932.81   198.558   0
 13932.81   198.558   0
 13932.81   198.558   0
 13932.81   198.558   0
 13932.81   198.558   0
 13932.81   198.558   0
 13932.81   198.558   0
 13932.81   198.558   0
 13932.81   198.558   0
 13932.81   198.558   0
 13932.81   198.558   0
 13932.81   198.558   0
 13932.81   198.558   0
 13932.81   198.558   0
 13932.81   198.558   0
 13932.81   198.558   0
 13932.81   198.558   0
 13932.81   198.558   0
 13932.81   198.558   0
 13932.81   198.558   0
 13932.81   198.558   0
 13932.81   198.558   0
 13932.81   198.558   0
 13932.81   198.558   0
 13932.81   198.558   0
 13932.81   198.558   0
 13932.81   198.558   0
 13932.81   198.558   0
 13932.81   198.558   0
 13932.81   198.558   0
 13932.81   198.558   0
 13932.81   198.558   0
 13932.81   198.558   0
 13932.81   198.558   0
 13932.81   198.558   0
 13932.81   198.558   0
 13932.81   198.558   0
 13932.81   198.558   0
 13932.81   198.558   0
 13932.81   198.558   0
 13932.81   198.558   0
 13932.81   198.558   0
 13932.81   198.558   0
 13932.81   198.558   0
 13932.81   198.558   0
 13932.81   198.558   0
 13932.81   198.558   0
 13932.81   198.558   0
 13932.81   198.558   0
 13932.81   198.558   0
 13932.81   198.558   0
 13932.81   198.558   0
 13932.81   198.558   0
 13932.81   198.558   0
 13932.81   198.558   0
 13932.81   198.558   0
 13932.81   198.558   0
 13932.81   198.558   0
 13932.81   198.558   0
 13932.81   198.558   0
 13932.81   198.558   0
 13932.81   198.558   0
 13932.81   198.558   0
 13932.81   198.558   0
 13932.81   198.558   0
 13932.81   198.558   0
 13932.81   198.558   0
 13932.81   198.558   0
 13932.81   198.558   0
 13932.81   198.558   0
 13932.81   198.558   0
 13932.81   198.558   0
 13932.81   198.558   0
 13932.81   198.558   0
 13932.81   198.558   0
 13932.81   198.558   0
 13932.81   198.558   0
 13932.81   198.558   0
 13932.81   198.558   0
 13932.81   198.558   0
 13932.81   198.558   0
 13932.81   198.558   0
 13932.81   198.558   0
 13932.81   198.558   0
 13932.81   198.558   0
 13932.81   198.558   0
 13932.81   198.558   0
 13932.81   198.558   0
 13932.81   198.558   0
 13932.81   198.558   0
 13932.81   198.558   0
 13932.81   198.558   0
 13932.81   198.558   0
 13932.81   198.558   0
 13932.81   198.558   0
 13932.81   198.558   0
 13932.81   198.558   0
 13932.81   198.558   0
 13932.81   198.558   0
 13932.81   198.558   0
 13932.81   198.558   0
 13932.81   198.558   0
 13932.81   198.558   0
 13932.81   198.558   0
 13932.81   198.558   0
 13932.81   198.558   0
 13932.81   198.558   0
 13932.81   198.558   0
 13932.81   198.558   0
 13932.81   198.558   0
 13932.81   198.558   0
 13932.81   198.558   0
 13932.81   198.558   0
 13932.81   198.558   0
 13932.81   198.558   0
 13932.81   198.558   0
 13932.81   198.558   0
 13932.81   198.558   0
 13932.81   198.558   0
 13932.81   198.558   0
 13932.81   198.558   0
 13932.81   198.558   0
 13932.81   198.558   0
 13932.81   198.558   0
 13932.81   198.558   0
 13932.81   198.558   0
 13932.81   198.558   0
 13932.81   198.558   0
 13932.81   198.558   0
 13932.81   198.558   0
 13932.81   198.558   0
 13932.81   198.558   0
 13932.81   198.558   0
 13932.81   198.558   0
 13932.81   198.558   0
 13932.81   198.558   0
 13932.81   198.558   0
 13932.81   198.558   0
 13932.81   198.558   0
 13932.81   198.558   0
 13932.81   198.558   0
 13932.81   198.558   0
 13932.81   198.558   0
 13932.81   198.558   0
 13932.81   198.558   0
 13932.81   198.558   0
 13932.81   198.558   0
 13932.81   198.558   0
 13932.81   198.558   0
 13932.81   198.558   0
 13932.81   198.558   0
 13932.81   198.558   0
 13932.81   198.558   0
 13932.81   198.558   0
 13932.81   198.558   0
 13932.81   198.558   0
 13932.81   198.558   0
 13932.81   198.558   0
 13932.81   198.558   0
 13932.81   198.558   0
 13932.81   198.558   0
 13932.81   198.558   0
 13932.81   198.558   0
 13932.81   198.558   0
 13932.81   198.558   0
 13932.81   198.558   0
 13932.81   198.558   0
 13932.81   198.558   0
 13932.81   198.558   0
 13932.81   198.558   0
 13932.81   198.558   0
 13932.81   198.558   0
 13932.81   198.558   0
 13932.81   198.558   0
 13932.81   198.558   0
 13932.81   198.558   0
 13932.81   198.558   0
 13932.81   198.558   0
 13932.81   198.558   0
 13932.81   198.558   0
 13932.81   198.558   0
 13932.81   198.558   0
 13932.81   198.558   0
 13932.81   198.558   0
 13932.81   198.558   0
 13932.81   198.558   0
 13932.81   198.558   0
 13932.81   198.558   0
 13932.81   198.558   0
 13932.81   198.558   0
 13932.81   198.558   0
 13932.81   198.558   0
 13932.81   198.558   0
 13932.81   198.558   0
 13932.81   198.558   0
 13932.81   198.558   0
 13932.81   198.558   0
 13932.81   198.558   0
 13932.81   198.558   0
 13932.81   198.558   0
 13932.81   198.558   0
 13932.81   198.558   0
 13932.81   198.558   0
 13932.81   198.558   0
 13932.81   198.558   0
 13932.81   198.558   0
 13932.81   198.558   0
 13932.81   198.558   0
 13932.81   198.558   0
 13932.81   198.558   0
 13932.81   198.558   0
 13932.81   198.558   0
 13932.81   198.558   0
 13932.81   198.558   0
 13932.81   198.558   0
 13932.81   198.558   0
 13932.81   198.558   0
 13932.81   198.558   0
 13932.81   198.558   0
 13932.81   198.558   0
 13932.81   198.558   0
